69 85 56 77 62
68 73 86 35 71
51 49 58 52 53
39 48 51 44 35
57 68 71 71 55
60 65 42 57 58
66 41 59 66 57
48 71 46 87 62
79 48 75 69 72
68 56 54 57 58
56 42 72 59 61
54 52 53 63 61
72 78 68 50 66
68 65 70 47 65
39 51 42 70 79
30 47 100 30 51
66 69 62 61 82
32 56 45 93 72
69 70 47 79 57
70 75 74 64 78
66 60 53 78 61
62 69 81 54 72
56 52 64 57 60
51 74 75 95 33
71 64 57 60 68
54 40 72 61 44
64 66 76 57 58
45 91 75 46 33
59 68 74 72 70
57 52 67 68 68
78 57 60 55 47
48 44 74 65 97
52 54 51 73 53
53 58 54 61 51
61 66 63 44 52
70 56 67 74 100
84 30 71 88 40
47 85 67 39 71
43 57 78 68 51
54 49 58 36 81
